57
  -1   -2    -27.525     15.542      7.307 4
  -1    0    -21.937     35.479     13.446 4
  -1   -2     38.577      6.630     21.666 4
  -1   -2     27.904    -30.092     28.199 4
  -1    1    -12.965     50.086     -0.145 4
  -1    5    -20.007     36.854    -16.328 4
  -1   -2     -9.605    -26.619     31.476 4
  -1   -2    -35.775     22.680     18.759 4
  -1   -2     21.316     53.371     11.389 4
  -1   -2     29.998    -13.824    -13.737 4
  -1   -2    -16.731     55.407     29.562 4
  -1   -2    -41.372    -31.846     15.235 4
  -1   -2      6.471    -22.128     28.340 4
  -1   -2    -39.260    -17.238      8.471 4
  -1   -2      7.707    -19.520     14.218 4
  -1   -2    -44.753     -1.110     23.899 4
  -1   -2     34.086     53.318     -6.200 4
  -1   -2    -40.952     44.451     12.128 4
  -1   -2     -6.519    -28.762    -17.600 4
  -1   -2     28.572    -16.456     -4.827 4
  -1   -2    -52.668    -27.379    -21.932 4
  -1   -2    -39.896     55.367     13.128 4
  -1   -2     -3.433     50.816     -2.968 4
  -1   -2    -43.103     48.393     -9.770 4
  -1   -2    -27.624     39.400    -17.311 4
  -1   -2     29.805     51.155    -16.681 4
  -1   -2    -35.637     26.059    -18.878 4
  -1   -2    -20.159     21.566    -22.444 4
  -1   -2    -11.148     48.297     23.587 4
  -1   12     49.302     -4.290    -17.343 4
  -1   -2    -58.117    -22.755    -16.773 4
  -1   -2    -34.155    -13.660    -22.118 4
  -1   -2    -36.783     50.654    -15.426 4
  -1   -2    -61.492     -2.924     -3.378 4
  -1   -2     49.350     10.200     26.519 4
  -1   -2     50.024     36.102      0.748 4
  -1   -2    -62.703    -19.040    -17.590 4
  -1   -2    -51.214     51.986     -6.303 4
  -1   -2     43.084    -17.314    -22.624 4
  -1   -2     46.840     19.189    -19.335 4
  -1   -2    -63.617     50.200     -8.697 4
  -1   -2     41.621     36.358     18.116 4
  -1   -2    -57.257    -14.978    -25.026 4
  -1   -2    -19.228     -5.894      5.279 4
  -1   -2     40.545    -22.879     17.786 4
  -1   -2    -30.571     36.819      4.882 4
  -1   -2    -36.596     15.703     -5.937 4
  -1   -2    -34.506     48.505     -6.782 4
  -1   -2    -18.361     29.854      7.366 4
  -1   -2     43.369    -22.087    -25.154 4
  -1   59    -59.685     28.372    -22.389 4
  -1   60     35.056    -26.675     11.726 4
  -1   -2     -7.770    -31.463     22.171 4
  -1   -2    -13.742    -30.015     21.613 4
  -1   -2     52.324      2.374    -15.585 4
  -1   -2     20.584     45.897      0.574 4
  -1   -2    -57.952    -17.585     -9.272 4
