62
  -1   -2    -22.012     35.179     14.056 4
   4   67    -13.461     50.075     -0.338 4
  -1   -2    -44.858      0.803     26.211 4
  -1   -2     27.763    -30.059     27.558 4
  -1   -2     -1.726     51.273      9.832 4
  -1   -2    -20.371     37.317    -15.906 4
  -1   -2    -21.104     53.290     -6.261 4
  -1   -2     21.861     27.965     22.830 4
  -1   -2     48.592    -18.102      2.943 4
  -1   -2     16.599    -24.311     25.772 4
  -1   -2    -44.983     37.430     28.549 4
  -1   -2    -33.583     35.992    -18.328 4
  29   19     49.170     -4.747    -18.646 4
  -1   -2     38.255    -17.542     26.303 4
  -1   -2    -39.145      5.271     -5.499 4
  -1   -2     34.084     53.333     -6.355 4
  -1   -2    -59.707     24.279     -0.027 4
  -1   -2     50.465     -8.685    -14.383 4
  -1   -2    -11.704     48.182     22.561 4
  -1   -2    -62.416     13.573    -20.637 4
  -1   -2     15.558     55.190     11.998 4
  -1   -2    -25.278     22.867      2.110 4
  -1   23    -59.372     10.419    -10.822 4
  -1   -2     47.718     24.408    -16.721 4
  -1   -2    -20.252    -30.373     -8.331 4
  -1   -2     -8.210      6.263     17.191 4
  -1   -2    -64.048     22.856    -13.835 4
  -1   -2    -36.907     50.679    -15.784 4
  -1   -2     21.036     45.846      4.621 4
  -1   -2     48.396     14.309    -19.268 4
  -1   -2    -11.740    -10.960     -0.125 4
  -1   -2    -26.550      6.288     -5.483 4
  -1   -2    -34.190    -28.888     14.505 4
  -1   -2    -28.876     24.602      4.292 4
  -1   -2     47.756     -6.437    -22.949 4
  -1   -2      3.276     28.423    -19.302 4
  -1   -2    -65.416     32.632     -7.938 4
  -1   -2     -1.105     48.705      8.039 4
  -1   -2     44.158    -12.291     17.080 4
  -1   -2      8.154     52.128    -18.738 4
  -1   -2     -8.305    -23.983      3.569 4
  -1   -2    -58.627    -21.976    -23.385 4
  -1   -2    -28.146     10.141    -13.322 4
  -1   -2    -57.262    -14.978    -25.199 4
  -1   -2    -62.789     -0.094    -10.445 4
  -1   -2    -50.982     48.764    -18.394 4
  -1   -2      0.984      6.403    -16.423 4
  -1   -2    -19.195     -6.176      5.624 4
  -1   -2    -39.864     18.526     19.525 4
  -1   -2     29.977     51.324    -15.690 4
  -1   -2    -60.832     -3.129    -18.514 4
  -1   -2    -58.069     -2.769    -22.639 4
  -1   -2    -45.414     16.882     27.902 4
  -1   -2     51.197      7.868     -5.966 4
  -1   -2     30.933    -30.269      5.800 4
  -1   -2    -39.908     33.843      8.037 4
  -1   -2     45.628    -14.478    -12.049 4
  -1   -2     43.340     34.436     26.326 4
  -1   -2    -31.885      9.812    -12.405 4
  50   60    -59.608     28.434    -22.284 4
  51   62     35.033    -26.671     11.502 4
  -1   -2    -13.104    -30.322     26.931 4
