68
  -1   -2     20.762     46.130      4.684 4
  -1   -2    -63.749    -14.277     -8.853 4
  -1   -2     19.888     50.687     10.988 4
  -1   -2    -14.035     50.158      0.138 4
  -1   -2      9.292    -19.260     12.412 4
  -1   -2     -1.059     49.539     10.416 4
  -1   -2    -28.672     39.286    -23.775 4
  -1   -2    -12.234     48.092     22.752 4
  -1   -2    -43.575     51.263     27.867 4
  -1   -2     -4.881    -24.873    -18.245 4
  -1   -2    -42.176     47.875     -0.515 4
  -1   -2    -64.181     35.056    -14.863 4
  -1   -2    -33.668     35.931    -16.928 4
  -1   -2    -29.631    -18.806      0.497 4
  -1   -2     41.875     42.375     18.358 4
  -1   -2     43.467     23.002     25.818 4
  -1   -2    -61.624     51.537     15.406 4
  -1   -2    -43.250     44.046     -9.917 4
  -1   -2     38.088     -1.687     27.078 4
  12   -2     48.843     -4.947    -20.434 4
  -1   -2    -63.977     22.937    -13.786 4
  -1   -2    -42.345     56.249     29.888 4
  -1   -2    -40.472     34.388      2.421 4
  22   60    -59.364     10.471    -10.867 4
  -1   -2      1.162    -11.751    -22.404 4
  -1   -2     45.330     35.163     26.148 4
  -1   -2    -42.214     51.834    -16.077 4
  -1   -2    -18.659    -26.001      7.334 4
  -1   -2    -63.406     32.220    -17.823 4
  -1   -2      7.787     52.215    -19.022 4
  -1   -2    -62.035     13.663    -22.937 4
  -1   -2     47.138     14.309    -24.074 4
  -1   -2    -59.436     19.089    -24.027 4
  -1   -2     38.472    -17.295     22.686 4
  -1   -2    -37.862     12.098     29.156 4
  -1   -2    -56.802     -0.545    -19.484 4
  -1   -2     44.754     52.947    -12.559 4
  -1   -2     39.890     25.254     17.506 4
  -1   -2    -65.509     26.472     -4.751 4
  -1   -2    -31.470    -21.966    -19.972 4
  -1   -2    -26.613      6.288     -5.197 4
  -1   -2    -37.162    -33.054     18.987 4
  -1   -2     23.147      2.187      4.593 4
  -1   -2    -62.213    -12.378     -8.728 4
  -1   -2     38.213      4.934     25.046 4
  -1   -2    -62.804     -0.049    -10.562 4
  -1   -2     48.244     26.914    -19.342 4
  -1   -2     21.899     10.384     17.072 4
  -1   -2     17.670    -24.943     -1.851 4
  -1   -2    -63.930     -7.166     -5.780 4
  -1   -2    -27.078     22.779     14.440 4
  -1   -2    -57.121    -21.587    -21.223 4
  -1   -2    -30.372     54.138     23.015 4
  -1   -2      4.534    -37.453     19.827 4
  -1   -2    -58.125     -2.777    -22.488 4
  -1   -2    -45.550     16.881     26.798 4
  -1   -2     46.647     18.567    -17.911 4
  -1   -2     17.067    -36.002     -0.830 4
  -1   -2     -9.267     27.887      3.430 4
  -1   -2     49.353     -1.895     -3.159 4
  59   45    -59.566     28.490    -22.005 4
  -1   -2    -56.389    -15.679    -14.616 4
  60   54     35.050    -26.664     11.488 4
  -1   -2     -9.913     -1.536     14.241 4
  -1   -2    -40.090    -17.854     -5.666 4
  -1   -2    -60.883     -3.095    -18.541 4
  -1   -2     15.259     54.995     12.256 4
   1   59    -14.035     50.158      0.138 2
