61
  -1   -2     19.920     50.196     10.545
  -1   -2     -3.321     51.632     10.415
  -1   -2     -4.159     30.149     -5.110
  -1   -2     27.702    -29.969     26.969
  -1   -2    -12.736     47.940     21.799
   3   -2    -14.718     50.160      0.250
  -1   -2    -43.247     43.897    -10.074
  -1   -2     48.791     -4.909    -21.339
  -1   -2     17.867    -25.757     26.751
  -1   -2      8.386     52.728    -12.953
  -1   -2     38.186    -16.155     28.159
  -1   -2    -10.027     -1.128     14.401
  -1   -2    -53.530     55.632      3.872
  -1   -2    -34.921     -1.127     25.344
  -1   -2    -20.725     22.694    -21.038
  -1   -2    -40.159    -14.667     -0.532
  -1   -2     45.095     26.676     27.967
  23   -2    -59.321     10.524    -11.245
  -1   -2     38.080     -1.640     27.013
  -1   -2    -62.000     13.713    -23.334
  -1   -2    -24.283     -1.246    -22.541
  -1   -2    -40.505     34.025      2.227
  -1   -2    -60.152     53.713     11.537
  -1   -2     48.694     22.391    -13.479
  -1   -2    -37.209     50.850    -13.789
  -1   -2     38.269      4.904     25.227
  -1   -2     44.768     46.367     31.475
  -1   -2    -63.827     -9.672    -12.160
  -1   -2     45.941    -17.616     -9.238
  -1   -2    -65.178     21.613     -0.939
  -1   -2    -64.071      8.434    -13.933
  -1   -2     -1.463     -1.543     -1.480
  -1   -2    -65.429     26.512     -4.836
  -1   -2     45.269     35.047     25.842
  -1   -2     41.277     43.101     30.585
  -1   -2     50.197      8.661     -2.879
  -1   -2    -41.962    -18.613      8.883
  -1   -2     40.601    -22.947     18.115
  -1   -2     47.076     15.654    -22.755
  -1   -2    -57.114    -21.576    -21.449
  -1   -2     42.710     52.013    -21.893
  -1   -2     38.691     55.597     19.745
  -1   -2    -27.619     41.205    -22.784
  -1   -2     21.631     10.622     16.468
  -1   -2     44.556      5.731    -23.870
  60   -2    -59.524     28.528    -21.846
  -1   -2    -51.052     48.782    -17.980
  -1   -2    -61.859      0.001    -16.030
  -1   -2     46.989     -9.044    -21.841
  -1   -2    -58.156     -2.755    -22.776
  -1   -2     -3.088    -10.840     -2.326
  -1   -2     22.927      2.278      4.569
  -1   -2     23.392    -24.815     31.362
  -1   -2    -25.743     23.888      4.477
  62   -2     35.042    -26.686     11.690
  -1   -2    -31.975     35.269    -23.803
  -1   -2    -45.471     16.923     27.617
  -1   -2    -19.170     30.517      3.286
  -1   -2     52.008      1.981    -17.772
  67   -2    -22.206     34.439     15.407
  68   -2    -21.201     38.419    -15.754
