61
   1    19.920    50.196    10.545   43   44   -1   -1
   2    -3.321    51.632    10.415   25   26   -1   -1
   3    -4.159    30.149    -5.110  247  246   -1   -1
   4    27.702   -29.969    26.969 1106 1000   -1   -1
   5   -12.736    47.940    21.799   56   54   -1   -1
   6   -14.718    50.160     0.250   37   28   -1   -1
   7   -43.247    43.897   -10.074   82   76   -1   -1
   8    48.791    -4.909   -21.339  794  753   -1   -1
   9    17.867   -25.757    26.751 1068  973   -1   -1
  10     8.386    52.728   -12.953    9   21   -1   -1
  11    38.186   -16.155    28.159  960  864   -1   -1
  12   -10.027    -1.128    14.401  688  682   -1   -1
  13   -53.530    55.632     3.872    1    0   -1   -1
  14   -34.921    -1.127    25.344  679  671   -1   -1
  15   -20.725    22.694   -21.038  318  330   -1   -1
  16   -40.159   -14.667    -0.532  910  850   -1   -1
  17    45.095    26.676    27.967  300  301   -1   -1
  18   -59.321    10.524   -11.245  494  514   -1   -1
  19    38.080    -1.640    27.013  705  688   -1   -1
  20   -62.000    13.713   -23.334  448  460   -1   -1
  21   -24.283    -1.246   -22.541  695  687   -1   -1
  22   -40.505    34.025     2.227  194  175   -1   -1
  23   -60.152    53.713    11.537    8   14   -1   -1
  24    48.694    22.391   -13.479  340  372   -1   -1
  25   -37.209    50.850   -13.789   24   20   -1   -1
  26    38.269     4.904    25.227  591  612   -1   -1
  27    44.768    46.367    31.475   83   88   -1   -1
  28   -63.827    -9.672   -12.160  823  797   -1   -1
  29    45.941   -17.616    -9.238  992  903   -1   -1
  30   -65.178    21.613    -0.939  326  340   -1   -1
  31   -64.071     8.434   -13.933  529  552   -1   -1
  32    -1.463    -1.543    -1.480  706  685   -1   -1
  33   -65.429    26.512    -4.836  269  278   -1   -1
  34    45.269    35.047    25.842  202  197   -1   -1
  35    41.277    43.101    30.585  117  105   -1   -1
  36    50.197     8.661    -2.879  553  573   -1   -1
  37   -41.962   -18.613     8.883  967  900   -1   -1
  38    40.601   -22.947    18.115 1053  939   -1   -1
  39    47.076    15.654   -22.755  446  462   -1   -1
  40   -57.114   -21.576   -21.449 1024  940   -1   -1
  41    42.710    52.013   -21.893   21   23   -1   -1
  42    38.691    55.597    19.745    7   15   -1   -1
  43   -27.619    41.205   -22.784  102  104   -1   -1
  44    21.631    10.622    16.468  505  541   -1   -1
  45    44.556     5.731   -23.870  589  618   -1   -1
  46   -59.524    28.528   -21.846  260  241   -1   -1
  47   -51.052    48.782   -17.980   42   27   -1   -1
  48   -61.859     0.001   -16.030  668  662   -1   -1
  49    46.989    -9.044   -21.841  868  804   -1   -1
  50   -58.156    -2.755   -22.776  696  705   -1   -1
  51    -3.088   -10.840    -2.326  869  807   -1   -1
  52    22.927     2.278     4.569  635  650   -1   -1
  53    23.392   -24.815    31.362 1062  947   -1   -1
  54   -25.743    23.888     4.477  312  308   -1   -1
  55    35.042   -26.686    11.690 1096  979   -1   -1
  56   -31.975    35.269   -23.803  156  171   -1   -1
  57   -45.471    16.923    27.617  393  418   -1   -1
  58   -19.170    30.517     3.286  253  228   -1   -1
  59    52.008     1.981   -17.772  650  678   -1   -1
  60   -22.206    34.439    15.407  192  181    0    0
  61   -21.201    38.419   -15.754  134  130    0    0
