62
   1   -22.012    35.179    14.056  182  172   -1   -1
   2   -13.461    50.075    -0.338   44   33   -1   -1
   3   -44.858     0.803    26.211  622  634   -1   -1
   4    27.763   -30.059    27.558 1096  989   -1   -1
   5    -1.726    51.273     9.832   37   31   -1   -1
   6   -20.371    37.317   -15.906  148  146   -1   -1
   7   -21.104    53.290    -6.261   11   18   -1   -1
   8    21.861    27.965    22.830  272  279   -1   -1
   9    48.592   -18.102     2.943  973  901   -1   -1
  10    16.599   -24.311    25.772 1042  947   -1   -1
  11   -44.983    37.430    28.549  156  145   -1   -1
  12   -33.583    35.992   -18.328  161  154   -1   -1
  13    49.170    -4.747   -18.646  764  751   -1   -1
  14    38.255   -17.542    26.303  960  885   -1   -1
  15   -39.145     5.271    -5.499  558  586   -1   -1
  16    34.084    53.333    -6.355   19   26   -1   -1
  17   -59.707    24.279    -0.027  297  307   -1   -1
  18    50.465    -8.685   -14.383  830  800   -1   -1
  19   -11.704    48.182    22.561   62   53   -1   -1
  20   -62.416    13.573   -20.637  437  453   -1   -1
  21    15.558    55.190    11.998    4   21   -1   -1
  22   -25.278    22.867     2.110  312  332   -1   -1
  23   -59.372    10.419   -10.822  479  502   -1   -1
  24    47.718    24.408   -16.721  306  337   -1   -1
  25   -20.252   -30.373    -8.331 1105 1023   -1   -1
  26    -8.210     6.263    17.191  551  569   -1   -1
  27   -64.048    22.856   -13.835  309  317   -1   -1
  28   -36.907    50.679   -15.784   34   24   -1   -1
  29    21.036    45.846     4.621   74   74   -1   -1
  30    48.396    14.309   -19.268  441  479   -1   -1
  31   -11.740   -10.960    -0.125  844  803   -1   -1
  32   -26.550     6.288    -5.483  536  583   -1   -1
  33   -34.190   -28.888    14.505 1074  986   -1   -1
  34   -28.876    24.602     4.292  303  304   -1   -1
  35    47.756    -6.437   -22.949  793  776   -1   -1
  36     3.276    28.423   -19.302  261  268   -1   -1
  37   -65.416    32.632    -7.938  203  181   -1   -1
  38    -1.105    48.705     8.039   60   44   -1   -1
  39    44.158   -12.291    17.080  864  825   -1   -1
  40     8.154    52.128   -18.738   25   25   -1   -1
  41    -8.305   -23.983     3.569 1036  960   -1   -1
  42   -58.627   -21.976   -23.385 1003  951   -1   -1
  43   -28.146    10.141   -13.322  488  529   -1   -1
  44   -57.262   -14.978   -25.199  914  868   -1   -1
  45   -62.789    -0.094   -10.445  648  650   -1   -1
  46   -50.982    48.764   -18.394   50   30   -1   -1
  47     0.984     6.403   -16.423  566  576   -1   -1
  48   -19.195    -6.176     5.624  768  740   -1   -1
  49   -39.864    18.526    19.525  389  385   -1   -1
  50    29.977    51.324   -15.690   30   34   -1   -1
  51   -60.832    -3.129   -18.514  681  711   -1   -1
  52   -58.069    -2.769   -22.639  678  707   -1   -1
  53   -45.414    16.882    27.902  393  419   -1   -1
  54    51.197     7.868    -5.966  557  564   -1   -1
  55    30.933   -30.269     5.800 1106 1013   -1   -1
  56   -39.908    33.843     8.037  198  176   -1   -1
  57    45.628   -14.478   -12.049  951  866   -1   -1
  58    43.340    34.436    26.326  207  198   -1   -1
  59   -31.885     9.812   -12.405  489  533   -1   -1
  60   -59.608    28.434   -22.284  254  239   -1   -1
  61    35.033   -26.671    11.502 1080  964   -1   -1
  62   -13.104   -30.322    26.931 1082  996   -1   -1
