57
   1   -27.525    15.542     7.307  440  448   -1   -1
   2   -21.937    35.479    13.446  187  181   -1   -1
   3    38.577     6.630    21.666  571  589   -1   -1
   4    27.904   -30.092    28.199 1101 1004   -1   -1
   5   -12.965    50.086    -0.145   42   31   -1   -1
   6   -20.007    36.854   -16.328  158  155   -1   -1
   7    -9.605   -26.619    31.476 1061  981   -1   -1
   8   -35.775    22.680    18.759  338  347   -1   -1
   9    21.316    53.371    11.389   19   23   -1   -1
  10    29.998   -13.824   -13.737  933  882   -1   -1
  11   -16.731    55.407    29.562    8   13   -1   -1
  12   -41.372   -31.846    15.235 1106 1038   -1   -1
  13     6.471   -22.128    28.340 1009  940   -1   -1
  14   -39.260   -17.238     8.471  949  901   -1   -1
  15     7.707   -19.520    14.218  985  918   -1   -1
  16   -44.753    -1.110    23.899  676  687   -1   -1
  17    34.086    53.318    -6.200   13   22   -1   -1
  18   -40.952    44.451    12.128   94   75   -1   -1
  19    -6.519   -28.762   -17.600 1093 1026   -1   -1
  20    28.572   -16.456    -4.827  966  909   -1   -1
  21   -52.668   -27.379   -21.932 1070 1011   -1   -1
  22   -39.896    55.367    13.128    2   10   -1   -1
  23    -3.433    50.816    -2.968   32   28   -1   -1
  24   -43.103    48.393    -9.770   48   42   -1   -1
  25   -27.624    39.400   -17.311  132  126   -1   -1
  26    29.805    51.155   -16.681   25   33   -1   -1
  27   -35.637    26.059   -18.878  291  314   -1   -1
  28   -20.159    21.566   -22.444  344  375   -1   -1
  29   -11.148    48.297    23.587   69   57   -1   -1
  30    49.302    -4.290   -17.343  778  769   -1   -1
  31   -58.117   -22.755   -16.773 1027  967   -1   -1
  32   -34.155   -13.660   -22.118  911  876   -1   -1
  33   -36.783    50.654   -15.426   31   20   -1   -1
  34   -61.492    -2.924    -3.378  703  716   -1   -1
  35    49.350    10.200    26.519  535  534   -1   -1
  36    50.024    36.102     0.748  178  202   -1   -1
  37   -62.703   -19.040   -17.590  979  923   -1   -1
  38   -51.214    51.986    -6.303   16   18   -1   -1
  39    43.084   -17.314   -22.624  994  917   -1   -1
  40    46.840    19.189   -19.335  405  419   -1   -1
  41   -63.617    50.200    -8.697   36   19   -1   -1
  42    41.621    36.358    18.116  180  196   -1   -1
  43   -57.257   -14.978   -25.026  929  889   -1   -1
  44   -19.228    -5.894     5.279  785  753   -1   -1
  45    40.545   -22.879    17.786 1044  952   -1   -1
  46   -30.571    36.819     4.882  161  163   -1   -1
  47   -36.596    15.703    -5.937  437  443   -1   -1
  48   -34.506    48.505    -6.782   53   44   -1   -1
  49   -18.361    29.854     7.366  267  256   -1   -1
  50    43.369   -22.087   -25.154 1063  969   -1   -1
  51   -59.685    28.372   -22.389  272  255   -1   -1
  52    35.056   -26.675    11.726 1083  984   -1   -1
  53    -7.770   -31.463    22.171 1100 1029   -1   -1
  54   -13.742   -30.015    21.613 1085 1013   -1   -1
  55    52.324     2.374   -15.585  642  688   -1   -1
  56    20.584    45.897     0.574   78   92   -1   -1
  57   -57.952   -17.585    -9.272  946  916   -1   -1
