69
   1    20.762    46.130     4.684   82   64   -1   -1
   2   -63.749   -14.277    -8.853  939  863   -1   -1
   3    19.888    50.687    10.988   42   31   -1   -1
   4   -14.035    50.158     0.138   41   24   -1   -1
   5     9.292   -19.260    12.412 1039  921   -1   -1
   6    -1.059    49.539    10.416   52   33   -1   -1
   7   -28.672    39.286   -23.775  134  118   -1   -1
   8   -12.234    48.092    22.752   66   45   -1   -1
   9   -43.575    51.263    27.867   39   20   -1   -1
  10    -4.881   -24.873   -18.245 1131  986   -1   -1
  11   -42.176    47.875    -0.515   56   35   -1   -1
  12   -64.181    35.056   -14.863  192  154   -1   -1
  13   -33.668    35.931   -16.928  182  150   -1   -1
  14   -29.631   -18.806     0.497 1030  917   -1   -1
  15    41.875    42.375    18.358  126  113   -1   -1
  16    43.467    23.002    25.818  370  361   -1   -1
  17   -61.624    51.537    15.406   30   15   -1   -1
  18   -43.250    44.046    -9.917   88   62   -1   -1
  19    38.088    -1.687    27.078  742  690   -1   -1
  20    48.843    -4.947   -20.434  838  756   -1   -1
  21   -63.977    22.937   -13.786  340  323   -1   -1
  22   -42.345    56.249    29.888    3    9   -1   -1
  23   -40.472    34.388     2.421  213  177   -1   -1
  24   -59.364    10.471   -10.867  527  501   -1   -1
  25     1.162   -11.751   -22.404  929  840   -1   -1
  26    45.330    35.163    26.148  227  204   -1   -1
  27   -42.214    51.834   -16.077   20   12   -1   -1
  28   -18.659   -26.001     7.334 1126  982   -1   -1
  29   -63.406    32.220   -17.823  233  198   -1   -1
  30     7.787    52.215   -19.022   18   16   -1   -1
  31   -62.035    13.663   -22.937  480  457   -1   -1
  32    47.138    14.309   -24.074  485  485   -1   -1
  33   -59.436    19.089   -24.027  404  382   -1   -1
  34    38.472   -17.295    22.686 1029  895   -1   -1
  35   -37.862    12.098    29.156  512  472   -1   -1
  36   -56.802    -0.545   -19.484  722  667   -1   -1
  37    44.754    52.947   -12.559   13   19   -1   -1
  38    39.890    25.254    17.506  338  319   -1   -1
  39   -65.509    26.472    -4.751  300  288   -1   -1
  40   -31.470   -21.966   -19.972 1088  967   -1   -1
  41   -26.613     6.288    -5.197  591  585   -1   -1
  42   -37.162   -33.054    18.987 1185 1042   -1   -1
  43    23.147     2.187     4.593  680  652   -1   -1
  44   -62.213   -12.378    -8.728  916  825   -1   -1
  45    38.213     4.934    25.046  628  607   -1   -1
  46   -62.804    -0.049   -10.562  710  656   -1   -1
  47    48.244    26.914   -19.342  323  305   -1   -1
  48    21.899    10.384    17.072  545  532   -1   -1
  49    17.670   -24.943    -1.851 1123  985   -1   -1
  50   -63.930    -7.166    -5.780  816  767   -1   -1
  51   -27.078    22.779    14.440  343  342   -1   -1
  52   -57.121   -21.587   -21.223 1078  954   -1   -1
  53   -30.372    54.138    23.015    8   13   -1   -1
  54     4.534   -37.453    19.827 1225 1108   -1   -1
  55   -58.125    -2.777   -22.488  736  707   -1   -1
  56   -45.550    16.881    26.798  425  419   -1   -1
  57    46.647    18.567   -17.911  435  413   -1   -1
  58    17.067   -36.002    -0.830 1227 1106   -1   -1
  59    -9.267    27.887     3.430  295  289   -1   -1
  60    49.353    -1.895    -3.159  774  692   -1   -1
  61   -59.566    28.490   -22.005  287  250   -1   -1
  62   -56.389   -15.679   -14.616  995  882   -1   -1
  63    35.050   -26.664    11.488 1150  980   -1   -1
  64    -9.913    -1.536    14.241  723  688   -1   -1
  65   -40.090   -17.854    -5.666 1010  918   -1   -1
  66   -60.883    -3.095   -18.541  740  713   -1   -1
  67    15.259    54.995    12.256    4   14   -1   -1
  68   -22.104    34.796    14.728  215  178    0    0
  69   -20.777    37.783   -15.905  156  139    0    0
